Lieu	N° région, département	Série	Unité	1980	1981	1982	1983	1984	1985	1986	1987	1988	1989	1990	1991	1992	1993	1994	1995	1996	1997	1998	1999	2000	2001	2002	2003	2004	2005	2006	2007	2008	2009	2010	2011	2012
ALSACE	42	EA04Volume des précipitations totales	 Millions m3	7587.235	8792.845	8649.969	8021.536	7342.895	6115.206	8845.284	8098.448	8658.882	6604.104	7358.59	5743.663	7357.441	7309.059	7661.951	8823.756	6403.179	7056.44	7319.883	9344.959	8040.446	8891.513	8812.637	5277.735	7337.73	5964.626	7958.612	8382.656	7559.391	7212.142	7183.455	6142.226	8012.247
ALSACE	42	EA04Superficie du territoire considéré pour les précipitations	 km²	8335.175	8335.175	8335.175	8335.175	8335.175	8335.175	8335.175	8335.175	8335.175	8335.175	8335.175	8335.175	8335.175	8335.175	8335.175	8335.175	8335.175	8335.175	8335.175	8335.175	8335.175	8335.175	8335.175	8335.175	8335.175	8335.175	8335.175	8335.175	8335.175	8335.175	8335.175	8335.175	8335.175
ALSACE	42	EA04Volume des pluies efficaces	 Millions m3	3090.716	4215.989	3700.629	4135.381	2992.65	1921.455	4048.465	3320.118	4085.818	2209.953	2598.163	1777.127	2720.676	2940.911	3097.977	3942.954	2019.673	2233.711	2938.798	4278.621	2821.68	4237.765	3600.778	665.78	2669.069	1252.803	ND	1475.145	2402.331	2344.506	2298.371	1228.184	2869.123
ALSACE	42	EA04Superficie du territoire considéré pour les pluies efficaces	 km²	8335.175	8335.175	8335.175	8335.175	8335.175	8335.175	8335.175	8335.175	8335.175	8335.175	8335.175	8335.175	8335.175	8335.175	8335.175	8335.175	8335.175	8335.175	8335.175	8335.175	8335.175	8335.175	8335.175	8335.175	8335.175	8335.175	8335.175	8335.175	8335.175	8335.175	8335.175	8335.175	8335.175
ALSACE	42	EA04Hauteur des précipitations totales	mm	910.0	1055.0	1038.0	962.0	881.0	734.0	1061.0	972.0	1039.0	792.0	883.0	689.0	883.0	877.0	919.0	1059.0	768.0	847.0	878.0	1121.0	965.0	1067.0	1057.0	633.0	880.0	716.0	955.0	1006.0	907.0	865.0	862.0	737.0	961.0
ALSACE	42	EA04Hauteur des précipitations efficaces	mm	371.0	506.0	444.0	496.0	359.0	231.0	486.0	398.0	490.0	265.0	312.0	213.0	326.0	353.0	372.0	473.0	242.0	268.0	353.0	513.0	339.0	508.0	432.0	80.0	320.0	150.0	ND	ND	288.0	281.0	276.0	147.0	344.0
AQUITAINE	72	EA04Volume des précipitations totales	 Millions m3	43148.01	48161.712	47453.261	36362.148	50441.845	34423.18	44817.458	36162.085	43362.39	31799.741	41156.379	37161.998	49505.78	44512.412	48243.852	40177.293	43873.18	42589.991	39212.188	45079.269	48044.46	37699.223	37228.577	38779.832	39635.914	32509.499	42071.157	42503.908	48160.152	44879.803	38105.066	31871.302	38813.317
AQUITAINE	72	EA04Superficie du territoire considéré pour les précipitations	 km²	41875.226	41875.226	41875.226	41875.226	41875.226	41875.226	41875.226	41875.226	41875.226	41875.226	41875.226	41875.226	41875.226	41875.226	41875.226	41875.226	41875.226	41875.226	41875.226	41875.226	41875.226	41875.226	41875.226	41875.226	41875.226	41875.226	41875.226	41875.226	41875.226	41875.226	41875.226	41875.226	41875.226
AQUITAINE	72	EA04Volume des pluies efficaces	 Millions m3	17231.894	19902.051	22472.125	9489.824	20791.911	11194.857	20836.119	9962.444	18977.765	6696.764	12390.452	10256.648	18716.43	14170.844	19919.495	14316.92	15148.153	11785.726	13442.604	15382.77	19947.268	13454.719	8209.498	7217.336	12196.733	5114.812	ND	10856.663	17661.585	18375.818	13672.334	7659.629	12326.313
AQUITAINE	72	EA04Superficie du territoire considéré pour les pluies efficaces	 km²	41875.226	41875.226	41875.226	41875.226	41875.226	41875.226	41875.226	41875.226	41875.226	41875.226	41875.226	41875.226	41875.226	41875.226	41875.226	41875.226	41875.226	41875.226	41875.226	41875.226	41875.226	41875.226	41875.226	41875.226	41875.226	41875.226	41875.226	41875.226	41875.226	41875.226	41875.226	41875.226	41875.226
AQUITAINE	72	EA04Hauteur des précipitations totales	mm	1030.0	1150.0	1133.0	868.0	1205.0	822.0	1070.0	864.0	1036.0	759.0	983.0	887.0	1182.0	1063.0	1152.0	959.0	1048.0	1017.0	936.0	1077.0	1147.0	900.0	889.0	926.0	947.0	776.0	1005.0	1015.0	1150.0	1072.0	910.0	761.0	927.0
AQUITAINE	72	EA04Hauteur des précipitations efficaces	mm	412.0	475.0	537.0	227.0	497.0	267.0	498.0	238.0	453.0	160.0	296.0	245.0	447.0	338.0	476.0	342.0	362.0	281.0	321.0	367.0	476.0	321.0	196.0	172.0	291.0	122.0	ND	ND	422.0	439.0	327.0	183.0	294.0
AUVERGNE	83	EA04Volume des précipitations totales	 Millions m3	25744.227	29482.513	25057.566	24985.641	25583.498	18422.624	25384.366	24353.912	27910.535	18337.863	23988.471	18367.53	28647.591	25255.881	31168.246	25679.432	24757.299	21843.328	24035.686	27017.736	25621.66	26896.257	24227.988	21492.487	25861.728	20229.868	25950.648	28058.583	29197.035	22157.856	26483.877	20449.208	23648.246
AUVERGNE	83	EA04Superficie du territoire considéré pour les précipitations	 km²	26179.337	26179.337	26179.337	26179.337	26179.337	26179.337	26179.337	26179.337	26179.337	26179.337	26179.337	26179.337	26179.337	26179.337	26179.337	26179.337	26179.337	26179.337	26179.337	26179.337	26179.337	26179.337	26179.337	26179.337	26179.337	26179.337	26179.337	26179.337	26179.337	26179.337	26179.337	26179.337	26179.337
AUVERGNE	83	EA04Volume des pluies efficaces	 Millions m3	11617.738	14462.032	9490.841	10789.307	10544.354	6958.599	11097.064	8801.295	12526.214	4668.553	7240.953	4792.589	12100.494	9781.36	15280.854	10614.14	9763.718	5830.754	9677.271	11268.968	8816.89	10815.791	8117.706	5564.224	10453.68	5116.852	ND	5974.235	10730.833	4783.307	9371.537	3729.717	5910.785
AUVERGNE	83	EA04Superficie du territoire considéré pour les pluies efficaces	 km²	26179.337	26179.337	26179.337	26179.337	26179.337	26179.337	26179.337	26179.337	26179.337	26179.337	26179.337	26179.337	26179.337	26179.337	26179.337	26179.337	26179.337	26179.337	26179.337	26179.337	26179.337	26179.337	26179.337	26179.337	26179.337	26179.337	26179.337	26179.337	26179.337	26179.337	26179.337	26179.337	26179.337
AUVERGNE	83	EA04Hauteur des précipitations totales	mm	983.0	1126.0	957.0	954.0	977.0	704.0	970.0	930.0	1066.0	700.0	916.0	702.0	1094.0	965.0	1191.0	981.0	946.0	834.0	918.0	1032.0	979.0	1027.0	925.0	821.0	988.0	773.0	991.0	1072.0	1115.0	846.0	1012.0	781.0	903.0
AUVERGNE	83	EA04Hauteur des précipitations efficaces	mm	444.0	552.0	363.0	412.0	403.0	266.0	424.0	336.0	478.0	178.0	277.0	183.0	462.0	374.0	584.0	405.0	373.0	223.0	370.0	430.0	337.0	413.0	310.0	213.0	399.0	195.0	ND	ND	410.0	183.0	358.0	142.0	226.0
BASSE NORMANDIE	25	EA04Volume des précipitations totales	 Millions m3	16699.1	19159.757	18134.664	14290.874	16150.709	13354.622	17393.64	15253.748	16735.995	11727.841	14078.095	12597.754	16070.487	16168.553	20300.328	15954.318	11691.83	14369.381	17250.871	19112.262	20446.124	18162.363	18223.421	12816.056	14750.627	12921.869	16361.642	18235.315	17112.473	15445.544	13955.959	13322.33	18246.79
BASSE NORMANDIE	25	EA04Superficie du territoire considéré pour les précipitations	 km²	17780.431	17780.431	17780.431	17780.431	17780.431	17780.431	17780.431	17780.431	17780.431	17780.431	17780.431	17780.431	17780.431	17780.431	17780.431	17780.431	17780.431	17780.431	17780.431	17780.431	17780.431	17780.431	17780.431	17780.431	17780.431	17780.431	17780.431	17780.431	17780.431	17780.431	17780.431	17780.431	17780.431
BASSE NORMANDIE	25	EA04Volume des pluies efficaces	 Millions m3	6534.26	9419.695	6983.027	4780.281	6640.05	3337.36	7537.543	5035.316	6658.109	3079.35	4773.636	3333.717	5356.301	5899.579	8998.552	6522.441	2830.719	3668.413	7720.049	8382.872	9763.296	8095.654	6928.043	1465.447	4010.647	2080.553	ND	3417.788	5605.2	5493.343	5299.792	3540.144	7336.032
BASSE NORMANDIE	25	EA04Superficie du territoire considéré pour les pluies efficaces	 km²	17780.431	17780.431	17780.431	17780.431	17780.431	17780.431	17780.431	17780.431	17780.431	17780.431	17780.431	17780.431	17780.431	17780.431	17780.431	17780.431	17780.431	17780.431	17780.431	17780.431	17780.431	17780.431	17780.431	17780.431	17780.431	17780.431	17780.431	17780.431	17780.431	17780.431	17780.431	17780.431	17780.431
BASSE NORMANDIE	25	EA04Hauteur des précipitations totales	mm	939.0	1078.0	1020.0	804.0	908.0	751.0	978.0	858.0	941.0	660.0	792.0	709.0	904.0	909.0	1142.0	897.0	658.0	808.0	970.0	1075.0	1150.0	1021.0	1025.0	721.0	830.0	727.0	920.0	1026.0	962.0	869.0	785.0	749.0	1026.0
BASSE NORMANDIE	25	EA04Hauteur des précipitations efficaces	mm	367.0	530.0	393.0	269.0	373.0	188.0	424.0	283.0	374.0	173.0	268.0	187.0	301.0	332.0	506.0	367.0	159.0	206.0	434.0	471.0	549.0	455.0	390.0	82.0	226.0	117.0	ND	ND	315.0	309.0	298.0	199.0	413.0
BOURGOGNE	26	EA04Volume des précipitations totales	 Millions m3	26595.797	34674.396	28851.076	29150.229	29218.277	21006.915	29847.574	29188.675	31072.891	22124.578	26624.747	21154.936	26480.559	28342.973	32002.845	30324.85	25206.127	25365.015	27092.286	32431.083	29956.649	33058.168	26742.726	21514.045	28134.62	21421.936	27984.964	28978.957	30737.064	25492.418	28124.475	24844.72	30568.896
BOURGOGNE	26	EA04Superficie du territoire considéré pour les précipitations	 km²	31750.106	31750.106	31750.106	31750.106	31750.106	31750.106	31750.106	31750.106	31750.106	31750.106	31750.106	31750.106	31750.106	31750.106	31750.106	31750.106	31750.106	31750.106	31750.106	31750.106	31750.106	31750.106	31750.106	31750.106	31750.106	31750.106	31750.106	31750.106	31750.106	31750.106	31750.106	31750.106	31750.106
BOURGOGNE	26	EA04Volume des pluies efficaces	 Millions m3	8838.262	15195.27	9965.225	11730.104	10268.953	5612.569	11278.246	9660.251	11872.847	5306.344	7209.266	5341.555	7004.346	9629.833	11461.494	11207.524	8722.896	4898.299	10312.318	12194.33	8321.013	12392.545	8066.553	3499.279	8442.741	4151.594	ND	5976.371	9071.952	5421.86	8639.857	5639.644	9507.4
BOURGOGNE	26	EA04Superficie du territoire considéré pour les pluies efficaces	 km²	31750.106	31750.106	31750.106	31750.106	31750.106	31750.106	31750.106	31750.106	31750.106	31750.106	31750.106	31750.106	31750.106	31750.106	31750.106	31750.106	31750.106	31750.106	31750.106	31750.106	31750.106	31750.106	31750.106	31750.106	31750.106	31750.106	31750.106	31750.106	31750.106	31750.106	31750.106	31750.106	31750.106
BOURGOGNE	26	EA04Hauteur des précipitations totales	mm	838.0	1092.0	909.0	918.0	920.0	662.0	940.0	919.0	979.0	697.0	839.0	666.0	834.0	893.0	1008.0	955.0	794.0	799.0	853.0	1021.0	944.0	1041.0	842.0	678.0	886.0	675.0	881.0	913.0	968.0	803.0	886.0	783.0	963.0
BOURGOGNE	26	EA04Hauteur des précipitations efficaces	mm	278.0	479.0	314.0	369.0	323.0	177.0	355.0	304.0	374.0	167.0	227.0	168.0	221.0	303.0	361.0	353.0	275.0	154.0	325.0	384.0	262.0	390.0	254.0	110.0	266.0	131.0	ND	ND	286.0	171.0	272.0	178.0	299.0
BRETAGNE	53	EA04Volume des précipitations totales	 Millions m3	24156.421	28622.197	30798.498	22897.953	27686.706	21274.235	29562.954	23833.377	25768.417	18615.658	23393.752	22308.493	23622.667	25744.782	30875.93	28815.741	21014.277	22383.698	28334.038	30928.795	32167.548	29141.41	28774.426	21525.737	25540.948	20627.645	26029.937	26718.063	29023.471	28490.757	23898.728	20111.57	28545.514
BRETAGNE	53	EA04Superficie du territoire considéré pour les précipitations	 km²	27483.94	27483.94	27483.94	27483.94	27483.94	27483.94	27483.94	27483.94	27483.94	27483.94	27483.94	27483.94	27483.94	27483.94	27483.94	27483.94	27483.94	27483.94	27483.94	27483.94	27483.94	27483.94	27483.94	27483.94	27483.94	27483.94	27483.94	27483.94	27483.94	27483.94	27483.94	27483.94	27483.94
BRETAGNE	53	EA04Volume des pluies efficaces	 Millions m3	9096.581	13621.033	14074.45	7963.666	12347.31	7178.113	13141.868	8045.953	10962.623	5082.356	9434.804	7443.396	7480.985	9999.392	14674.064	13474.324	6697.765	6628.57	12815.99	14105.273	15689.976	13618.893	11558.561	4869.042	8320.309	3229.801	ND	7014.719	10253.779	12139.239	10009.099	6232.281	11359.69
BRETAGNE	53	EA04Superficie du territoire considéré pour les pluies efficaces	 km²	27483.94	27483.94	27483.94	27483.94	27483.94	27483.94	27483.94	27483.94	27483.94	27483.94	27483.94	27483.94	27483.94	27483.94	27483.94	27483.94	27483.94	27483.94	27483.94	27483.94	27483.94	27483.94	27483.94	27483.94	27483.94	27483.94	27483.94	27483.94	27483.94	27483.94	27483.94	27483.94	27483.94
BRETAGNE	53	EA04Hauteur des précipitations totales	mm	879.0	1041.0	1121.0	833.0	1007.0	774.0	1076.0	867.0	938.0	677.0	851.0	812.0	860.0	937.0	1123.0	1048.0	765.0	814.0	1031.0	1125.0	1170.0	1060.0	1047.0	783.0	929.0	751.0	947.0	972.0	1056.0	1037.0	870.0	732.0	1039.0
BRETAGNE	53	EA04Hauteur des précipitations efficaces	mm	331.0	496.0	512.0	290.0	449.0	261.0	478.0	293.0	399.0	185.0	343.0	271.0	272.0	364.0	534.0	490.0	244.0	241.0	466.0	513.0	571.0	496.0	421.0	177.0	303.0	118.0	ND	ND	373.0	442.0	364.0	227.0	413.0
CENTRE	24	EA04Volume des précipitations totales	 Millions m3	27906.925	34769.107	30109.637	29422.418	32356.609	23150.857	28917.538	29361.638	30251.606	21855.106	22241.493	22589.574	27038.041	27642.619	34302.166	30259.418	24667.652	27056.062	28880.287	35607.396	33045.078	35341.38	30072.548	25200.112	28272.595	21966.241	29377.273	29247.704	29678.391	25391.026	26413.368	24565.645	30321.214
CENTRE	24	EA04Superficie du territoire considéré pour les précipitations	 km²	39530.188	39530.188	39530.188	39530.188	39530.188	39530.188	39530.188	39530.188	39530.188	39530.188	39530.188	39530.188	39530.188	39530.188	39530.188	39530.188	39530.188	39530.188	39530.188	39530.188	39530.188	39530.188	39530.188	39530.188	39530.188	39530.188	39530.188	39530.188	39530.188	39530.188	39530.188	39530.188	39530.188
CENTRE	24	EA04Volume des pluies efficaces	 Millions m3	7239.839	11107.555	8264.748	8007.004	6260.824	5435.575	7307.469	5139.298	9038.323	1320.774	2043.258	2685.282	3332.483	4659.172	8591.836	8602.705	5623.097	3269.652	7811.77	10016.041	8024.615	10546.84	5659.103	1837.408	5315.684	1999.906	ND	3270.763	6035.838	5003.261	5698.859	4975.176	7948.408
CENTRE	24	EA04Superficie du territoire considéré pour les pluies efficaces	 km²	39530.188	39530.188	39530.188	39530.188	39530.188	39530.188	39530.188	39530.188	39530.188	39530.188	39530.188	39530.188	39530.188	39530.188	39530.188	39530.188	39530.188	39530.188	39530.188	39530.188	39530.188	39530.188	39530.188	39530.188	39530.188	39530.188	39530.188	39530.188	39530.188	39530.188	39530.188	39530.188	39530.188
CENTRE	24	EA04Hauteur des précipitations totales	mm	706.0	880.0	762.0	744.0	819.0	586.0	732.0	743.0	765.0	553.0	563.0	571.0	684.0	699.0	868.0	765.0	624.0	684.0	731.0	901.0	836.0	894.0	761.0	637.0	715.0	556.0	743.0	740.0	751.0	642.0	668.0	621.0	767.0
CENTRE	24	EA04Hauteur des précipitations efficaces	mm	183.0	281.0	209.0	203.0	158.0	138.0	185.0	130.0	229.0	33.0	52.0	68.0	84.0	118.0	217.0	218.0	142.0	83.0	198.0	253.0	203.0	267.0	143.0	46.0	134.0	51.0	ND	ND	153.0	127.0	144.0	126.0	201.0
CHAMPAGNE-ARDENNE	21	EA04Volume des précipitations totales	 Millions m3	22041.692	27256.605	22763.291	21664.487	23018.238	17661.855	23514.269	23345.078	25527.306	18067.806	20939.302	17007.716	21527.81	21965.539	23216.987	24335.621	17700.796	20912.406	21641.704	25416.988	25793.348	28152.264	22056.113	15741.575	19697.075	17527.469	21974.664	21917.816	22457.168	19665.245	19679.437	18570.019	22828.484
CHAMPAGNE-ARDENNE	21	EA04Superficie du territoire considéré pour les précipitations	 km²	25745.281	25745.281	25745.281	25745.281	25745.281	25745.281	25745.281	25745.281	25745.281	25745.281	25745.281	25745.281	25745.281	25745.281	25745.281	25745.281	25745.281	25745.281	25745.281	25745.281	25745.281	25745.281	25745.281	25745.281	25745.281	25745.281	25745.281	25745.281	25745.281	25745.281	25745.281	25745.281	25745.281
CHAMPAGNE-ARDENNE	21	EA04Volume des pluies efficaces	 Millions m3	7584.379	12109.001	8018.435	8942.606	8077.224	4528.978	7979.88	7939.047	9795.879	4482.173	5014.092	4192.198	5498.857	7926.681	7156.055	9284.213	4337.487	4450.644	7832.748	9346.038	8387.335	11816.874	7330.921	1038.377	4022.111	2321.005	ND	3215.026	5878.784	4624.148	5829.868	4269.264	7272.037
CHAMPAGNE-ARDENNE	21	EA04Superficie du territoire considéré pour les pluies efficaces	 km²	25745.281	25745.281	25745.281	25745.281	25745.281	25745.281	25745.281	25745.281	25745.281	25745.281	25745.281	25745.281	25745.281	25745.281	25745.281	25745.281	25745.281	25745.281	25745.281	25745.281	25745.281	25745.281	25745.281	25745.281	25745.281	25745.281	25745.281	25745.281	25745.281	25745.281	25745.281	25745.281	25745.281
CHAMPAGNE-ARDENNE	21	EA04Hauteur des précipitations totales	mm	856.0	1059.0	884.0	841.0	894.0	686.0	913.0	907.0	992.0	702.0	813.0	661.0	836.0	853.0	902.0	945.0	688.0	812.0	841.0	987.0	1002.0	1093.0	857.0	611.0	765.0	681.0	854.0	851.0	872.0	764.0	764.0	721.0	887.0
CHAMPAGNE-ARDENNE	21	EA04Hauteur des précipitations efficaces	mm	295.0	470.0	311.0	347.0	314.0	176.0	310.0	308.0	380.0	174.0	195.0	163.0	214.0	308.0	278.0	361.0	168.0	173.0	304.0	363.0	326.0	459.0	285.0	40.0	156.0	90.0	ND	ND	228.0	180.0	226.0	166.0	282.0
CORSE	94	EA04Volume des précipitations totales	 Millions m3	10103.682	7195.11	9328.737	7394.935	9234.131	5999.937	8124.627	6973.404	6243.877	6894.024	7137.207	7261.669	9302.698	8729.107	7083.694	7153.343	11825.426	6981.796	7233.703	8445.379	9039.558	6155.941	8783.491	7316.073	9725.087	8302.751	7464.044	7338.354	12337.202	8876.42	10201.945	7513.272	8372.877
CORSE	94	EA04Superficie du territoire considéré pour les précipitations	 km²	8780.844	8780.844	8780.844	8780.844	8780.844	8780.844	8780.844	8780.844	8780.844	8780.844	8780.844	8780.844	8780.844	8780.844	8780.844	8780.844	8780.844	8780.844	8780.844	8780.844	8780.844	8780.844	8780.844	8780.844	8780.844	8780.844	8780.844	8780.844	8780.844	8780.844	8780.844	8780.844	8780.844
CORSE	94	EA04Volume des pluies efficaces	 Millions m3	5838.772	2803.812	4986.552	2343.065	3887.033	2692.31	3933.373	3344.871	2123.266	2090.137	2812.775	2539.787	4286.349	4653.93	2220.693	2017.479	6870.566	2591.659	2551.266	3616.075	4549.3	2062.257	2539.76	1773.918	3621.903	1941.358	ND	3381.623	7903.025	4763.146	5681.995	3337.112	3655.821
CORSE	94	EA04Superficie du territoire considéré pour les pluies efficaces	 km²	8780.844	8780.844	8780.844	8780.844	8780.844	8780.844	8780.844	8780.844	8780.844	8780.844	8780.844	8780.844	8780.844	8780.844	8780.844	8780.844	8780.844	8780.844	8780.844	8780.844	8780.844	8780.844	8780.844	8780.844	8780.844	8780.844	8780.844	8780.844	8780.844	8780.844	8780.844	8780.844	8780.844
CORSE	94	EA04Hauteur des précipitations totales	mm	1151.0	819.0	1062.0	842.0	1052.0	683.0	925.0	794.0	711.0	785.0	813.0	827.0	1059.0	994.0	807.0	815.0	1347.0	795.0	824.0	962.0	1029.0	701.0	1000.0	833.0	1108.0	946.0	850.0	836.0	1405.0	1011.0	1162.0	856.0	954.0
CORSE	94	EA04Hauteur des précipitations efficaces	mm	665.0	319.0	568.0	267.0	443.0	307.0	448.0	381.0	242.0	238.0	320.0	289.0	488.0	530.0	253.0	230.0	782.0	295.0	291.0	412.0	518.0	235.0	289.0	202.0	412.0	221.0	ND	ND	900.0	542.0	647.0	380.0	416.0
FRANCHE COMTE	43	EA04Volume des précipitations totales	 Millions m3	20780.435	25252.881	24245.915	23608.212	20216.219	17785.005	21943.055	22667.788	23854.047	17023.397	20221.72	17531.761	21440.815	21764.225	22426.265	24611.462	18420.09	19270.925	20666.268	26731.898	22013.893	24702.596	22874.289	15317.111	20106.857	17101.509	22384.621	22558.83	21933.741	18044.812	19344.064	17443.668	24508.424
FRANCHE COMTE	43	EA04Superficie du territoire considéré pour les précipitations	 km²	16305.475	16305.475	16305.475	16305.475	16305.475	16305.475	16305.475	16305.475	16305.475	16305.475	16305.475	16305.475	16305.475	16305.475	16305.475	16305.475	16305.475	16305.475	16305.475	16305.475	16305.475	16305.475	16305.475	16305.475	16305.475	16305.475	16305.475	16305.475	16305.475	16305.475	16305.475	16305.475	16305.475
FRANCHE COMTE	43	EA04Volume des pluies efficaces	 Millions m3	11560.473	15751.623	13581.387	14737.445	11238.25	8253.059	12121.709	13057.393	13565.343	7075.092	9476.015	8261.661	11257.546	11666.986	12421.051	14483.314	8903.223	8365.634	10967.151	16392.776	11237.846	14596.08	12614.588	3863.6	9841.628	5939.639	ND	8937.333	10120.593	7018.35	8530.236	5996.982	12664.307
FRANCHE COMTE	43	EA04Superficie du territoire considéré pour les pluies efficaces	 km²	16305.475	16305.475	16305.475	16305.475	16305.475	16305.475	16305.475	16305.475	16305.475	16305.475	16305.475	16305.475	16305.475	16305.475	16305.475	16305.475	16305.475	16305.475	16305.475	16305.475	16305.475	16305.475	16305.475	16305.475	16305.475	16305.475	16305.475	16305.475	16305.475	16305.475	16305.475	16305.475	16305.475
FRANCHE COMTE	43	EA04Hauteur des précipitations totales	mm	1274.0	1549.0	1487.0	1448.0	1240.0	1091.0	1346.0	1390.0	1463.0	1044.0	1240.0	1075.0	1315.0	1335.0	1375.0	1509.0	1130.0	1182.0	1267.0	1639.0	1350.0	1515.0	1403.0	939.0	1233.0	1049.0	1373.0	1384.0	1345.0	1107.0	1186.0	1070.0	1503.0
FRANCHE COMTE	43	EA04Hauteur des précipitations efficaces	mm	709.0	966.0	833.0	904.0	689.0	506.0	743.0	801.0	832.0	434.0	581.0	507.0	690.0	716.0	762.0	888.0	546.0	513.0	673.0	1005.0	689.0	895.0	774.0	237.0	604.0	364.0	ND	ND	621.0	430.0	523.0	368.0	777.0
France métropolitaine		EA04Volume des précipitations totales	 Millions m3	497610.414	576039.865	535187.317	479049.357	536933.039	402891.442	519256.862	501145.766	533617.563	379675.402	459165.619	413147.84	528411.382	522249.956	581682.157	527236.321	496828.182	463808.844	484390.259	583384.496	572445.26	543308.417	535513.454	432089.143	476383.592	401743.031	509886.17	509243.845	562079.71	474837.416	481480.139	427648.193	516508.7
France métropolitaine		EA04Superficie du territoire considéré pour les précipitations	 km²	549825.39	549825.39	549825.39	549825.39	549825.39	549825.39	549825.39	549825.39	549825.39	549825.39	549825.39	549825.39	549825.39	549825.39	549825.39	549825.39	549825.39	549825.39	549825.39	549825.39	549825.39	549825.39	549825.39	549825.39	549825.39	549825.39	549825.39	549825.39	549825.39	549825.39	549825.39	549825.39	549825.39
France métropolitaine		EA04Volume des pluies efficaces	 Millions m3	194712.241	254406.209	215880.769	179494.968	209653.937	132236.145	219842.047	180439.764	223057.421	95604.819	141966.105	121666.247	183399.797	196812.776	245128.657	218244.033	189466.858	128991.694	181710.321	238199.821	224108.867	222820.523	185733.841	86952.302	149825.512	75970.769	ND	121567.723	203834.792	159004.655	174155.91	117553.188	179435.723
France métropolitaine		EA04Superficie du territoire considéré pour les pluies efficaces	 km²	549825.39	549825.39	549825.39	549825.39	549825.39	549825.39	549825.39	549825.39	549825.39	549825.39	549825.39	549825.39	549825.39	549825.39	549825.39	549825.39	549825.39	549825.39	549825.39	549825.39	549825.39	549825.39	549825.39	549825.39	549825.39	549825.39	549825.39	549825.39	549825.39	549825.39	549825.39	549825.39	549825.39
France métropolitaine		EA04Hauteur des précipitations totales	mm	905.0	1048.0	973.0	871.0	977.0	733.0	944.0	911.0	971.0	691.0	835.0	751.0	961.0	950.0	1058.0	959.0	904.0	844.0	881.0	1061.0	1041.0	988.0	974.0	786.0	866.0	731.0	927.0	926.0	1022.0	864.0	876.0	778.0	939.0
France métropolitaine		EA04Hauteur des précipitations efficaces	mm	354.0	463.0	393.0	326.0	381.0	241.0	400.0	328.0	406.0	174.0	258.0	221.0	334.0	358.0	446.0	397.0	345.0	235.0	330.0	433.0	408.0	405.0	338.0	158.0	272.0	138.0	ND	ND	371.0	289.0	317.0	214.0	326.0
HAUTE NORMANDIE	23	EA04Volume des précipitations totales	 Millions m3	11207.098	12267.637	11017.729	9575.317	10768.173	8773.311	10922.881	10652.388	11509.536	7634.21	8769.788	8561.966	10600.212	11033.736	12120.993	10009.336	7383.511	9459.084	11141.854	12714.591	13552.126	12805.99	11838.183	8486.036	9585.872	8888.423	10523.022	11378.275	10586.392	9142.249	9018.232	9663.123	11492.052
HAUTE NORMANDIE	23	EA04Superficie du territoire considéré pour les précipitations	 km²	12377.467	12377.467	12377.467	12377.467	12377.467	12377.467	12377.467	12377.467	12377.467	12377.467	12377.467	12377.467	12377.467	12377.467	12377.467	12377.467	12377.467	12377.467	12377.467	12377.467	12377.467	12377.467	12377.467	12377.467	12377.467	12377.467	12377.467	12377.467	12377.467	12377.467	12377.467	12377.467	12377.467
HAUTE NORMANDIE	23	EA04Volume des pluies efficaces	 Millions m3	3671.077	4639.751	2826.121	2410.798	2610.095	1622.187	2920.898	2724.179	3724.32	1290.552	1406.371	1204.726	2286.999	3206.227	3709.532	3467.142	263.957	1219.279	3393.283	4433.759	5777.449	5247.515	3852.834	300.272	1643.367	930.863	ND	2078.456	2968.995	2649.961	2858.37	2962.487	4218.001
HAUTE NORMANDIE	23	EA04Superficie du territoire considéré pour les pluies efficaces	 km²	12377.467	12377.467	12377.467	12377.467	12377.467	12377.467	12377.467	12377.467	12377.467	12377.467	12377.467	12377.467	12377.467	12377.467	12377.467	12377.467	12377.467	12377.467	12377.467	12377.467	12377.467	12377.467	12377.467	12377.467	12377.467	12377.467	12377.467	12377.467	12377.467	12377.467	12377.467	12377.467	12377.467
HAUTE NORMANDIE	23	EA04Hauteur des précipitations totales	mm	905.0	991.0	890.0	774.0	870.0	709.0	882.0	861.0	930.0	617.0	709.0	692.0	856.0	891.0	979.0	809.0	597.0	764.0	900.0	1027.0	1095.0	1035.0	956.0	686.0	774.0	718.0	850.0	919.0	855.0	739.0	729.0	781.0	928.0
HAUTE NORMANDIE	23	EA04Hauteur des précipitations efficaces	mm	297.0	375.0	228.0	195.0	211.0	131.0	236.0	220.0	301.0	104.0	114.0	97.0	185.0	259.0	300.0	280.0	21.0	99.0	274.0	358.0	467.0	424.0	311.0	24.0	133.0	75.0	ND	ND	240.0	214.0	231.0	239.0	341.0
ILE DE FRANCE	11	EA04Volume des précipitations totales	 Millions m3	8623.622	10478.67	9274.757	8230.986	9760.954	6451.844	8613.018	9360.974	9778.123	6965.81	6620.814	6687.831	7298.569	8624.723	8976.506	8495.435	6338.055	8198.226	8377.252	10038.857	10896.593	11313.878	8768.406	6544.691	7351.167	6397.47	8300.773	8594.75	7833.227	7555.84	7808.504	7308.866	8810.224
ILE DE FRANCE	11	EA04Superficie du territoire considéré pour les précipitations	 km²	12079.876	12079.876	12079.876	12079.876	12079.876	12079.876	12079.876	12079.876	12079.876	12079.876	12079.876	12079.876	12079.876	12079.876	12079.876	12079.876	12079.876	12079.876	12079.876	12079.876	12079.876	12079.876	12079.876	12079.876	12079.876	12079.876	12079.876	12079.876	12079.876	12079.876	12079.876	12079.876	12079.876
ILE DE FRANCE	11	EA04Volume des pluies efficaces	 Millions m3	2264.897	3649.811	2313.133	2264.48	2224.228	1091.46	1858.921	2251.186	2945.405	1265.214	737.807	811.757	603.303	2090.541	1865.057	2656.575	575.801	1184.767	2394.598	2749.883	3208.794	3944.593	2276.311	323.928	943.597	535.655	ND	770.903	1176.89	1357.392	1649.82	1430.712	2141.563
ILE DE FRANCE	11	EA04Superficie du territoire considéré pour les pluies efficaces	 km²	12079.876	12079.876	12079.876	12079.876	12079.876	12079.876	12079.876	12079.876	12079.876	12079.876	12079.876	12079.876	12079.876	12079.876	12079.876	12079.876	12079.876	12079.876	12079.876	12079.876	12079.876	12079.876	12079.876	12079.876	12079.876	12079.876	12079.876	12079.876	12079.876	12079.876	12079.876	12079.876	12079.876
ILE DE FRANCE	11	EA04Hauteur des précipitations totales	mm	714.0	867.0	768.0	681.0	808.0	534.0	713.0	775.0	809.0	577.0	548.0	554.0	604.0	714.0	743.0	703.0	525.0	679.0	693.0	831.0	902.0	937.0	726.0	542.0	609.0	530.0	687.0	711.0	648.0	625.0	646.0	605.0	729.0
ILE DE FRANCE	11	EA04Hauteur des précipitations efficaces	mm	187.0	302.0	191.0	187.0	184.0	90.0	154.0	186.0	244.0	105.0	61.0	67.0	50.0	173.0	154.0	220.0	48.0	98.0	198.0	228.0	266.0	327.0	188.0	27.0	78.0	44.0	ND	ND	97.0	112.0	137.0	118.0	177.0
LANGUEDOC-ROUSSILLON	91	EA04Volume des précipitations totales	 Millions m3	22099.094	24667.628	26806.146	19315.804	26688.317	17129.679	26038.858	27770.883	25142.751	18047.798	21102.822	21086.75	29552.946	28348.141	29215.945	25629.653	40396.098	25415.34	20270.188	27748.767	25627.262	22306.814	29182.869	29529.372	26258.706	22492.531	25535.097	21872.625	29146.941	21234.386	26272.914	25380.989	20300.477
LANGUEDOC-ROUSSILLON	91	EA04Superficie du territoire considéré pour les précipitations	 km²	27848.489	27848.489	27848.489	27848.489	27848.489	27848.489	27848.489	27848.489	27848.489	27848.489	27848.489	27848.489	27848.489	27848.489	27848.489	27848.489	27848.489	27848.489	27848.489	27848.489	27848.489	27848.489	27848.489	27848.489	27848.489	27848.489	27848.489	27848.489	27848.489	27848.489	27848.489	27848.489	27848.489
LANGUEDOC-ROUSSILLON	91	EA04Volume des pluies efficaces	 Millions m3	7812.677	9893.686	11905.976	6376.931	12036.008	4959.989	13360.88	13573.071	10889.335	5010.308	6063.412	7142.721	11799.099	12873.749	14983.692	11857.236	23559.669	9896.307	6265.671	10921.077	9196.879	7571.436	10802.677	12876.391	10428.308	7651.581	ND	9608.817	12073.425	5666.379	10351.142	9388.328	3914.823
LANGUEDOC-ROUSSILLON	91	EA04Superficie du territoire considéré pour les pluies efficaces	 km²	27848.489	27848.489	27848.489	27848.489	27848.489	27848.489	27848.489	27848.489	27848.489	27848.489	27848.489	27848.489	27848.489	27848.489	27848.489	27848.489	27848.489	27848.489	27848.489	27848.489	27848.489	27848.489	27848.489	27848.489	27848.489	27848.489	27848.489	27848.489	27848.489	27848.489	27848.489	27848.489	27848.489
LANGUEDOC-ROUSSILLON	91	EA04Hauteur des précipitations totales	mm	794.0	886.0	963.0	694.0	958.0	615.0	935.0	997.0	903.0	648.0	758.0	757.0	1061.0	1018.0	1049.0	920.0	1451.0	913.0	728.0	996.0	920.0	801.0	1048.0	1060.0	943.0	808.0	917.0	785.0	1047.0	762.0	943.0	911.0	729.0
LANGUEDOC-ROUSSILLON	91	EA04Hauteur des précipitations efficaces	mm	281.0	355.0	428.0	229.0	432.0	178.0	480.0	487.0	391.0	180.0	218.0	256.0	424.0	462.0	538.0	426.0	846.0	355.0	225.0	392.0	330.0	272.0	388.0	462.0	374.0	275.0	ND	ND	434.0	203.0	372.0	337.0	141.0
LIMOUSIN	74	EA04Volume des précipitations totales	 Millions m3	18438.794	22524.465	18447.129	18537.41	19656.854	14292.388	19842.314	17303.152	19914.798	12908.844	17696.213	14499.142	20131.275	20590.722	24017.77	19728.262	17656.876	18288.571	18663.911	20857.959	21373.612	21160.86	18297.803	16881.652	18527.188	14548.756	20824.242	21168.206	21472.906	17675.998	17942.906	14760.353	17766.214
LIMOUSIN	74	EA04Superficie du territoire considéré pour les précipitations	 km²	17057.413	17057.413	17057.413	17057.413	17057.413	17057.413	17057.413	17057.413	17057.413	17057.413	17057.413	17057.413	17057.413	17057.413	17057.413	17057.413	17057.413	17057.413	17057.413	17057.413	17057.413	17057.413	17057.413	17057.413	17057.413	17057.413	17057.413	17057.413	17057.413	17057.413	17057.413	17057.413	17057.413
LIMOUSIN	74	EA04Volume des pluies efficaces	 Millions m3	8816.335	12238.848	8583.997	8422.029	9493.159	6488.299	10758.242	7008.815	9398.75	3544.835	6774.183	4681.267	8916.933	9552.789	12935.852	10064.282	7591.964	6464.98	9357.653	9890.235	10067.856	10203.886	7054.157	4136.49	7835.042	3445.384	ND	5774.237	9123.866	5435.09	6526.987	3668.845	5985.873
LIMOUSIN	74	EA04Superficie du territoire considéré pour les pluies efficaces	 km²	17057.413	17057.413	17057.413	17057.413	17057.413	17057.413	17057.413	17057.413	17057.413	17057.413	17057.413	17057.413	17057.413	17057.413	17057.413	17057.413	17057.413	17057.413	17057.413	17057.413	17057.413	17057.413	17057.413	17057.413	17057.413	17057.413	17057.413	17057.413	17057.413	17057.413	17057.413	17057.413	17057.413
LIMOUSIN	74	EA04Hauteur des précipitations totales	mm	1081.0	1321.0	1081.0	1087.0	1152.0	838.0	1163.0	1014.0	1168.0	757.0	1037.0	850.0	1180.0	1207.0	1408.0	1157.0	1035.0	1072.0	1094.0	1223.0	1253.0	1241.0	1073.0	990.0	1086.0	853.0	1221.0	1241.0	1259.0	1036.0	1052.0	865.0	1042.0
LIMOUSIN	74	EA04Hauteur des précipitations efficaces	mm	517.0	718.0	503.0	494.0	557.0	380.0	631.0	411.0	551.0	208.0	397.0	274.0	523.0	560.0	758.0	590.0	445.0	379.0	549.0	580.0	590.0	598.0	414.0	243.0	459.0	202.0	ND	ND	535.0	319.0	383.0	215.0	351.0
LORRAINE	41	EA04Volume des précipitations totales	 Millions m3	23836.552	28386.568	25743.893	24690.515	23954.113	18420.918	26750.416	23956.016	25954.599	19879.874	22818.246	17539.422	21946.032	23081.497	24147.668	25370.998	18342.088	22106.405	22519.423	27223.503	26324.361	28225.032	24240.122	15460.746	20622.309	18310.382	22288.001	23068.718	23334.612	21031.355	21839.951	19395.601	22798.608
LORRAINE	41	EA04Superficie du territoire considéré pour les précipitations	 km²	23694.38	23694.38	23694.38	23694.38	23694.38	23694.38	23694.38	23694.38	23694.38	23694.38	23694.38	23694.38	23694.38	23694.38	23694.38	23694.38	23694.38	23694.38	23694.38	23694.38	23694.38	23694.38	23694.38	23694.38	23694.38	23694.38	23694.38	23694.38	23694.38	23694.38	23694.38	23694.38	23694.38
LORRAINE	41	EA04Volume des pluies efficaces	 Millions m3	10512.08	14593.106	11861.754	12906.689	11630.05	5894.7	13249.068	10111.347	12316.794	7030.067	8330.672	6432.302	8356.857	10893.936	9931.929	11710.611	6726.452	7317.542	10132.124	12550.037	10691.389	14208.557	10720.59	1797.482	6666.198	3645.216	ND	3772.884	8117.083	6790.915	7712.481	5740.837	8299.721
LORRAINE	41	EA04Superficie du territoire considéré pour les pluies efficaces	 km²	23694.38	23694.38	23694.38	23694.38	23694.38	23694.38	23694.38	23694.38	23694.38	23694.38	23694.38	23694.38	23694.38	23694.38	23694.38	23694.38	23694.38	23694.38	23694.38	23694.38	23694.38	23694.38	23694.38	23694.38	23694.38	23694.38	23694.38	23694.38	23694.38	23694.38	23694.38	23694.38	23694.38
LORRAINE	41	EA04Hauteur des précipitations totales	mm	1006.0	1198.0	1086.0	1042.0	1011.0	777.0	1129.0	1011.0	1095.0	839.0	963.0	740.0	926.0	974.0	1019.0	1071.0	774.0	933.0	950.0	1149.0	1111.0	1191.0	1023.0	653.0	870.0	773.0	941.0	974.0	985.0	888.0	922.0	819.0	962.0
LORRAINE	41	EA04Hauteur des précipitations efficaces	mm	444.0	616.0	501.0	545.0	491.0	249.0	559.0	427.0	520.0	297.0	352.0	271.0	353.0	460.0	419.0	494.0	284.0	309.0	428.0	530.0	451.0	600.0	452.0	76.0	281.0	154.0	ND	ND	343.0	287.0	325.0	242.0	350.0
MIDI-PYRENEES	73	EA04Volume des précipitations totales	 Millions m3	46406.517	49687.771	47308.307	36015.528	47403.981	35224.606	40879.318	36982.96	44789.29	32638.943	40409.001	37190.922	53906.941	45672.6	48263.156	43756.913	51018.585	40071.79	40353.782	47799.117	44838.087	39099.919	43904.67	39938.002	44776.619	36200.199	42473.002	42884.651	47386.842	41161.482	39254.233	34067.543	38069.907
MIDI-PYRENEES	73	EA04Superficie du territoire considéré pour les précipitations	 km²	45722.936	45722.936	45722.936	45722.936	45722.936	45722.936	45722.936	45722.936	45722.936	45722.936	45722.936	45722.936	45722.936	45722.936	45722.936	45722.936	45722.936	45722.936	45722.936	45722.936	45722.936	45722.936	45722.936	45722.936	45722.936	45722.936	45722.936	45722.936	45722.936	45722.936	45722.936	45722.936	45722.936
MIDI-PYRENEES	73	EA04Volume des pluies efficaces	 Millions m3	19175.844	20957.761	20096.799	9835.681	17797.465	12649.543	18157.632	11193.646	18818.347	7970.164	10239.185	10082.759	22667.811	14408.939	20290.674	16347.102	20790.667	9542.972	13133.165	17947.681	13657.282	12956.978	11713.422	9446.975	16473.894	6580.212	ND	9903.004	17112.661	14385.295	11661.946	6966.401	9636.095
MIDI-PYRENEES	73	EA04Superficie du territoire considéré pour les pluies efficaces	 km²	45722.936	45722.936	45722.936	45722.936	45722.936	45722.936	45722.936	45722.936	45722.936	45722.936	45722.936	45722.936	45722.936	45722.936	45722.936	45722.936	45722.936	45722.936	45722.936	45722.936	45722.936	45722.936	45722.936	45722.936	45722.936	45722.936	45722.936	45722.936	45722.936	45722.936	45722.936	45722.936	45722.936
MIDI-PYRENEES	73	EA04Hauteur des précipitations totales	mm	1015.0	1087.0	1035.0	788.0	1037.0	770.0	894.0	809.0	980.0	714.0	884.0	813.0	1179.0	999.0	1056.0	957.0	1116.0	876.0	883.0	1045.0	981.0	855.0	960.0	873.0	979.0	792.0	929.0	938.0	1036.0	900.0	859.0	745.0	833.0
MIDI-PYRENEES	73	EA04Hauteur des précipitations efficaces	mm	419.0	458.0	440.0	215.0	389.0	277.0	397.0	245.0	412.0	174.0	224.0	221.0	496.0	315.0	444.0	358.0	455.0	209.0	287.0	393.0	299.0	283.0	256.0	207.0	360.0	144.0	ND	ND	374.0	315.0	255.0	152.0	211.0
NORD-PAS-DE-CALAIS	31	EA04Volume des précipitations totales	 Millions m3	10475.991	11515.943	9978.165	9077.292	10617.445	8515.833	10354.469	10726.344	11090.027	8382.487	8961.532	8930.212	11374.694	10960.348	11384.218	9447.42	8132.654	9022.733	11118.858	12276.796	13146.203	13337.288	11807.14	7745.306	9028.696	9357.793	11300.195	11471.974	10859.25	10172.996	9023.143	8676.045	12108.225
NORD-PAS-DE-CALAIS	31	EA04Superficie du territoire considéré pour les précipitations	 km²	12494.957	12494.957	12494.957	12494.957	12494.957	12494.957	12494.957	12494.957	12494.957	12494.957	12494.957	12494.957	12494.957	12494.957	12494.957	12494.957	12494.957	12494.957	12494.957	12494.957	12494.957	12494.957	12494.957	12494.957	12494.957	12494.957	12494.957	12494.957	12494.957	12494.957	12494.957	12494.957	12494.957
NORD-PAS-DE-CALAIS	31	EA04Volume des pluies efficaces	 Millions m3	3623.015	4670.732	2708.325	3043.093	3394.989	2211.204	3457.347	3671.533	4318.412	2257.924	2263.147	2051.975	3594.973	3924.578	3963.171	3376.996	1220.559	1785.418	4089.303	4448.033	5684.816	6039.075	4143.902	378.342	1516.047	1121.214	ND	2405.205	2923.899	3658.199	2787.685	2578.427	4845.199
NORD-PAS-DE-CALAIS	31	EA04Superficie du territoire considéré pour les pluies efficaces	 km²	12494.957	12494.957	12494.957	12494.957	12494.957	12494.957	12494.957	12494.957	12494.957	12494.957	12494.957	12494.957	12494.957	12494.957	12494.957	12494.957	12494.957	12494.957	12494.957	12494.957	12494.957	12494.957	12494.957	12494.957	12494.957	12494.957	12494.957	12494.957	12494.957	12494.957	12494.957	12494.957	12494.957
NORD-PAS-DE-CALAIS	31	EA04Hauteur des précipitations totales	mm	838.0	922.0	799.0	726.0	850.0	682.0	829.0	858.0	888.0	671.0	717.0	715.0	910.0	877.0	911.0	756.0	651.0	722.0	890.0	983.0	1052.0	1067.0	945.0	620.0	723.0	749.0	904.0	918.0	869.0	814.0	722.0	694.0	969.0
NORD-PAS-DE-CALAIS	31	EA04Hauteur des précipitations efficaces	mm	290.0	374.0	217.0	244.0	272.0	177.0	277.0	294.0	346.0	181.0	181.0	164.0	288.0	314.0	317.0	270.0	98.0	143.0	327.0	356.0	455.0	483.0	332.0	30.0	121.0	90.0	ND	ND	234.0	293.0	223.0	206.0	388.0
PAYS DE LA LOIRE	52	EA04Volume des précipitations totales	 Millions m3	24780.723	28519.138	28181.325	25197.362	28676.187	20612.256	25229.313	23404.868	26553.466	20561.328	20371.916	21481.304	22598.68	24470.265	33378.791	26639.289	20356.224	21737.45	27030.951	32706.25	31830.053	28886.22	28437.61	21801.257	21670.107	17476.444	27075.209	26040.562	26666.325	24916.123	21563.409	20383.854	29252.431
PAYS DE LA LOIRE	52	EA04Superficie du territoire considéré pour les précipitations	 km²	32375.413	32375.413	32375.413	32375.413	32375.413	32375.413	32375.413	32375.413	32375.413	32375.413	32375.413	32375.413	32375.413	32375.413	32375.413	32375.413	32375.413	32375.413	32375.413	32375.413	32375.413	32375.413	32375.413	32375.413	32375.413	32375.413	32375.413	32375.413	32375.413	32375.413	32375.413	32375.413	32375.413
PAYS DE LA LOIRE	52	EA04Volume des pluies efficaces	 Millions m3	7356.559	9947.621	9367.097	5805.682	8616.225	4563.263	8121.247	5913.427	9672.063	3369.82	5639.654	5284.739	3679.863	6688.272	12476.584	10159.56	5349.677	4778.05	9672.596	12153.304	11403.15	10493.474	8175.97	2926.754	4512.415	976.964	ND	4018.442	6408.425	8488.553	6590.277	4385.073	10203.582
PAYS DE LA LOIRE	52	EA04Superficie du territoire considéré pour les pluies efficaces	 km²	32375.413	32375.413	32375.413	32375.413	32375.413	32375.413	32375.413	32375.413	32375.413	32375.413	32375.413	32375.413	32375.413	32375.413	32375.413	32375.413	32375.413	32375.413	32375.413	32375.413	32375.413	32375.413	32375.413	32375.413	32375.413	32375.413	32375.413	32375.413	32375.413	32375.413	32375.413	32375.413	32375.413
PAYS DE LA LOIRE	52	EA04Hauteur des précipitations totales	mm	765.0	881.0	870.0	778.0	886.0	637.0	779.0	723.0	820.0	635.0	629.0	664.0	698.0	756.0	1031.0	823.0	629.0	671.0	835.0	1010.0	983.0	892.0	878.0	673.0	669.0	540.0	836.0	804.0	824.0	770.0	666.0	630.0	904.0
PAYS DE LA LOIRE	52	EA04Hauteur des précipitations efficaces	mm	227.0	307.0	289.0	179.0	266.0	141.0	251.0	183.0	299.0	104.0	174.0	163.0	114.0	207.0	385.0	314.0	165.0	148.0	299.0	375.0	352.0	324.0	253.0	90.0	139.0	30.0	ND	ND	198.0	262.0	204.0	135.0	315.0
PICARDIE	22	EA04Volume des précipitations totales	 Millions m3	15343.462	17416.6	15653.155	13721.042	16046.714	12317.365	15268.681	15753.427	17411.045	12436.583	12805.973	11534.176	15747.277	16003.206	15196.255	15148.531	11613.871	13673.095	15084.398	17678.96	19408.362	19773.622	16748.272	11308.647	13092.874	11332.898	15916.036	15958.389	15242.856	13685.893	13022.29	12989.982	16047.769
PICARDIE	22	EA04Superficie du territoire considéré pour les précipitations	 km²	19550.446	19550.446	19550.446	19550.446	19550.446	19550.446	19550.446	19550.446	19550.446	19550.446	19550.446	19550.446	19550.446	19550.446	19550.446	19550.446	19550.446	19550.446	19550.446	19550.446	19550.446	19550.446	19550.446	19550.446	19550.446	19550.446	19550.446	19550.446	19550.446	19550.446	19550.446	19550.446	19550.446
PICARDIE	22	EA04Volume des pluies efficaces	 Millions m3	4533.003	6523.607	4015.24	3969.979	4440.755	2377.324	4050.248	4539.796	6051.925	3060.052	2372.749	1807.698	3203.352	5068.409	3892.709	4969.563	1071.737	1826.365	4579.363	5443.637	7182.598	7954.456	5251.632	209.679	1293.261	882.525	ND	1817.103	3189.784	3270.602	2859.579	3326.836	4593.906
PICARDIE	22	EA04Superficie du territoire considéré pour les pluies efficaces	 km²	19550.446	19550.446	19550.446	19550.446	19550.446	19550.446	19550.446	19550.446	19550.446	19550.446	19550.446	19550.446	19550.446	19550.446	19550.446	19550.446	19550.446	19550.446	19550.446	19550.446	19550.446	19550.446	19550.446	19550.446	19550.446	19550.446	19550.446	19550.446	19550.446	19550.446	19550.446	19550.446	19550.446
PICARDIE	22	EA04Hauteur des précipitations totales	mm	785.0	891.0	801.0	702.0	821.0	630.0	781.0	806.0	891.0	636.0	655.0	590.0	805.0	819.0	777.0	775.0	594.0	699.0	772.0	904.0	993.0	1011.0	857.0	578.0	670.0	580.0	814.0	816.0	780.0	700.0	666.0	664.0	821.0
PICARDIE	22	EA04Hauteur des précipitations efficaces	mm	232.0	334.0	205.0	203.0	227.0	122.0	207.0	232.0	310.0	157.0	121.0	92.0	164.0	259.0	199.0	254.0	55.0	93.0	234.0	278.0	367.0	407.0	269.0	11.0	66.0	45.0	ND	ND	163.0	167.0	146.0	170.0	235.0
POITOU-CHARENTES	54	EA04Volume des précipitations totales	 Millions m3	19824.166	24519.82	24461.38	22144.05	24102.269	19021.723	21771.473	20574.211	23277.791	16387.884	18207.911	17654.891	21344.254	22104.175	27340.235	21735.801	19428.042	20866.982	21389.97	25918.695	26399.341	22181.44	21293.612	18773.338	17796.64	14129.273	23158.538	21857.221	22606.045	19385.878	18030.771	16814.515	21879.32
POITOU-CHARENTES	54	EA04Superficie du territoire considéré pour les précipitations	 km²	25965.818	25965.818	25965.818	25965.818	25965.818	25965.818	25965.818	25965.818	25965.818	25965.818	25965.818	25965.818	25965.818	25965.818	25965.818	25965.818	25965.818	25965.818	25965.818	25965.818	25965.818	25965.818	25965.818	25965.818	25965.818	25965.818	25965.818	25965.818	25965.818	25965.818	25965.818	25965.818	25965.818
POITOU-CHARENTES	54	EA04Volume des pluies efficaces	 Millions m3	5906.34	8101.11	9645.272	6159.103	8157.352	5763.173	9156.488	5001.836	9334.288	2022.715	4520.134	3735.613	4698.497	6454.92	10332.787	7804.979	5072.136	4973.029	7321.691	8732.241	9917.049	7769.951	4257.056	2506.083	3552.001	653.019	ND	4523.617	5376.415	5962.337	4994.463	3730.356	6841.94
POITOU-CHARENTES	54	EA04Superficie du territoire considéré pour les pluies efficaces	 km²	25965.818	25965.818	25965.818	25965.818	25965.818	25965.818	25965.818	25965.818	25965.818	25965.818	25965.818	25965.818	25965.818	25965.818	25965.818	25965.818	25965.818	25965.818	25965.818	25965.818	25965.818	25965.818	25965.818	25965.818	25965.818	25965.818	25965.818	25965.818	25965.818	25965.818	25965.818	25965.818	25965.818
POITOU-CHARENTES	54	EA04Hauteur des précipitations totales	mm	763.0	944.0	942.0	853.0	928.0	733.0	838.0	792.0	896.0	631.0	701.0	680.0	822.0	851.0	1053.0	837.0	748.0	804.0	824.0	998.0	1017.0	854.0	820.0	723.0	685.0	544.0	892.0	842.0	871.0	747.0	694.0	648.0	843.0
POITOU-CHARENTES	54	EA04Hauteur des précipitations efficaces	mm	227.0	312.0	371.0	237.0	314.0	222.0	353.0	193.0	359.0	78.0	174.0	144.0	181.0	249.0	398.0	301.0	195.0	192.0	282.0	336.0	382.0	299.0	164.0	97.0	137.0	25.0	ND	ND	207.0	230.0	192.0	144.0	263.0
PROVENCE-ALPES-COTE D AZUR	93	EA04Volume des précipitations totales	 Millions m3	21282.244	26983.946	21851.819	24564.328	29354.137	22021.398	25759.63	30988.884	24644.601	17326.091	24476.553	23957.951	28255.263	28922.529	34702.746	29244.332	36600.169	24007.28	21011.589	29054.794	33150.049	22219.846	35433.174	26329.762	21186.778	22250.182	25206.918	19440.536	36242.903	29564.635	32816.824	27887.336	27808.766
PROVENCE-ALPES-COTE D AZUR	93	EA04Superficie du territoire considéré pour les précipitations	 km²	31908.397	31908.397	31908.397	31908.397	31908.397	31908.397	31908.397	31908.397	31908.397	31908.397	31908.397	31908.397	31908.397	31908.397	31908.397	31908.397	31908.397	31908.397	31908.397	31908.397	31908.397	31908.397	31908.397	31908.397	31908.397	31908.397	31908.397	31908.397	31908.397	31908.397	31908.397	31908.397	31908.397
PROVENCE-ALPES-COTE D AZUR	93	EA04Volume des pluies efficaces	 Millions m3	6248.855	10455.074	7121.242	7868.766	11763.438	8639.367	10444.882	12479.494	8375.633	4582.589	7998.712	8873.886	9114.051	11671.834	17522.423	10427.368	18350.486	9237.111	4843.622	11734.371	15678.039	8031.971	13576.101	8769.522	6147.006	3687.061	ND	7055.291	18190.461	13423.462	15848.835	10148.248	11437.832
PROVENCE-ALPES-COTE D AZUR	93	EA04Superficie du territoire considéré pour les pluies efficaces	 km²	31908.397	31908.397	31908.397	31908.397	31908.397	31908.397	31908.397	31908.397	31908.397	31908.397	31908.397	31908.397	31908.397	31908.397	31908.397	31908.397	31908.397	31908.397	31908.397	31908.397	31908.397	31908.397	31908.397	31908.397	31908.397	31908.397	31908.397	31908.397	31908.397	31908.397	31908.397	31908.397	31908.397
PROVENCE-ALPES-COTE D AZUR	93	EA04Hauteur des précipitations totales	mm	667.0	846.0	685.0	770.0	920.0	690.0	807.0	971.0	772.0	543.0	767.0	751.0	886.0	906.0	1088.0	917.0	1147.0	752.0	658.0	911.0	1039.0	696.0	1110.0	825.0	664.0	697.0	790.0	609.0	1136.0	927.0	1028.0	874.0	872.0
PROVENCE-ALPES-COTE D AZUR	93	EA04Hauteur des précipitations efficaces	mm	196.0	328.0	223.0	247.0	369.0	271.0	327.0	391.0	262.0	144.0	251.0	278.0	286.0	366.0	549.0	327.0	575.0	289.0	152.0	368.0	491.0	252.0	425.0	275.0	193.0	116.0	ND	ND	570.0	421.0	497.0	318.0	358.0
RHONE-ALPES	82	EA04Volume des précipitations totales	 Millions m3	50528.627	55704.555	51070.898	50181.29	48654.768	40915.687	49475.726	54433.506	54165.59	33455.432	49785.092	42298.182	54661.352	55002.863	55655.609	55895.118	54002.153	43132.847	45761.169	59250.441	51730.446	53796.394	57765.377	44309.57	47423.453	41785.265	49727.576	51567.75	62505.321	43654.558	51496.589	45486.026	56308.697
RHONE-ALPES	82	EA04Superficie du territoire considéré pour les précipitations	 km²	44983.796	44983.796	44983.796	44983.796	44983.796	44983.796	44983.796	44983.796	44983.796	44983.796	44983.796	44983.796	44983.796	44983.796	44983.796	44983.796	44983.796	44983.796	44983.796	44983.796	44983.796	44983.796	44983.796	44983.796	44983.796	44983.796	44983.796	44983.796	44983.796	44983.796	44983.796	44983.796	44983.796
RHONE-ALPES	82	EA04Volume des pluies efficaces	 Millions m3	26158.641	30147.042	23898.393	27513.054	24441.612	18862.761	25024.458	27665.449	27605.961	12189.081	22626.666	18932.843	26723.591	28649.893	29402.176	30936.605	27976.456	17042.81	20457.283	32211.8	24084.347	26761.211	29283.678	11485.972	19919.868	12712.752	ND	16320.099	31508.97	17949.492	25282.376	16618.505	26467.273
RHONE-ALPES	82	EA04Superficie du territoire considéré pour les pluies efficaces	 km²	44983.796	44983.796	44983.796	44983.796	44983.796	44983.796	44983.796	44983.796	44983.796	44983.796	44983.796	44983.796	44983.796	44983.796	44983.796	44983.796	44983.796	44983.796	44983.796	44983.796	44983.796	44983.796	44983.796	44983.796	44983.796	44983.796	44983.796	44983.796	44983.796	44983.796	44983.796	44983.796	44983.796
RHONE-ALPES	82	EA04Hauteur des précipitations totales	mm	1123.0	1238.0	1135.0	1116.0	1082.0	910.0	1100.0	1210.0	1204.0	744.0	1107.0	940.0	1215.0	1223.0	1237.0	1243.0	1200.0	959.0	1017.0	1317.0	1150.0	1196.0	1284.0	985.0	1054.0	929.0	1105.0	1146.0	1390.0	970.0	1145.0	1011.0	1252.0
RHONE-ALPES	82	EA04Hauteur des précipitations efficaces	mm	582.0	670.0	531.0	612.0	543.0	419.0	556.0	615.0	614.0	271.0	503.0	421.0	594.0	637.0	654.0	688.0	622.0	379.0	455.0	716.0	535.0	595.0	651.0	255.0	443.0	283.0	ND	ND	700.0	399.0	562.0	369.0	588.0
Producteurs : MEDDE (CGDD/SOeS), MEDDE (DGALN), METEO FRANCE.
Source : Modélisation.
